0:
- cam_R_m2c: [0.99968707, 0.02496792, -0.00160221, 0.02462464, -0.99322556, -0.11356043, -0.00442673, 0.11348608, -0.99352966]
  cam_t_m2c: [-14.09421585, 19.09785011, 634.54525338]
  obj_bb: [169, 167, 61, 61]
  obj_id: 1
1:
- cam_R_m2c: [0.99370080, 0.11205929, -0.00090539, 0.11122863, -0.98725136, -0.11385333, -0.01365221, 0.11303579, -0.99349749]
  cam_t_m2c: [-14.18877299, 18.94335807, 634.51943791]
  obj_bb: [169, 166, 61, 62]
  obj_id: 1
2:
- cam_R_m2c: [0.98017198, 0.19814778, -0.00100145, 0.19677675, -0.97396053, -0.11260108, -0.02328688, 0.11017131, -0.99364004]
  cam_t_m2c: [-14.35678341, 18.83610016, 634.49094080]
  obj_bb: [168, 166, 62, 62]
  obj_id: 1
3:
- cam_R_m2c: [0.95919113, 0.28275872, -0.00078877, 0.28086627, -0.95308494, -0.11288628, -0.03267142, 0.10805855, -0.99360741]
  cam_t_m2c: [-14.47369400, 18.67541416, 634.57905098]
  obj_bb: [168, 167, 61, 62]
  obj_id: 1
4:
- cam_R_m2c: [0.93095160, 0.36514161, -0.00041775, 0.36278438, -0.92507119, -0.11238347, -0.04142222, 0.10447146, -0.99366509]
  cam_t_m2c: [-14.55915189, 18.50958500, 634.47859711]
  obj_bb: [169, 167, 61, 61]
  obj_id: 1
5:
- cam_R_m2c: [0.89561687, 0.44482450, -0.00082600, 0.44193262, -0.89000177, -0.11221356, -0.05065050, 0.10013522, -0.99368415]
  cam_t_m2c: [-14.71998817, 18.33371763, 634.46343598]
  obj_bb: [169, 166, 61, 62]
  obj_id: 1
6:
- cam_R_m2c: [0.85341419, 0.52123334, -0.00078743, 0.51785268, -0.84804968, -0.11242996, -0.05927005, 0.09554167, -0.99365935]
  cam_t_m2c: [-14.82055799, 18.12273863, 634.51264279]
  obj_bb: [168, 166, 62, 62]
  obj_id: 1
7:
- cam_R_m2c: [0.80476573, 0.59359258, -0.00095780, 0.58978991, -0.79978978, -0.11173507, -0.06709086, 0.08935527, -0.99373743]
  cam_t_m2c: [-14.92734072, 17.96206113, 634.39493306]
  obj_bb: [168, 167, 62, 62]
  obj_id: 1
8:
- cam_R_m2c: [0.74995962, 0.66148413, -0.00035971, 0.65723125, -0.74519906, -0.11281112, -0.07489095, 0.08436749, -0.99361651]
  cam_t_m2c: [-14.90349026, 17.69496023, 634.47921108]
  obj_bb: [168, 166, 62, 62]
  obj_id: 1
9:
- cam_R_m2c: [0.68941943, 0.72436245, -0.00069256, 0.71964046, -0.68503425, -0.11333725, -0.08257177, 0.07763865, -0.99355612]
  cam_t_m2c: [-15.02267491, 17.48092592, 634.49842452]
  obj_bb: [168, 167, 61, 62]
  obj_id: 1
10:
- cam_R_m2c: [0.62366150, 0.78169343, -0.00063209, 0.77666257, -0.61973917, -0.11277527, -0.08854716, 0.06984254, -0.99362074]
  cam_t_m2c: [-15.04682304, 17.30301457, 634.45298125]
  obj_bb: [168, 167, 61, 61]
  obj_id: 1
11:
- cam_R_m2c: [0.55312217, 0.83310034, -0.00050010, 0.82769039, -0.54959823, -0.11345007, -0.09479000, 0.06233776, -0.99354341]
  cam_t_m2c: [-15.02005778, 17.05653190, 634.46685934]
  obj_bb: [168, 166, 61, 62]
  obj_id: 1
12:
- cam_R_m2c: [0.48402014, 0.87505659, -0.00013937, 0.86929292, -0.48084921, -0.11451706, -0.10027584, 0.05530728, -0.99342169]
  cam_t_m2c: [-14.96784988, 16.81529854, 634.53824142]
  obj_bb: [168, 167, 61, 62]
  obj_id: 1
13:
- cam_R_m2c: [0.39999917, 0.91651539, -0.00030531, 0.91041647, -0.39737554, -0.11504448, -0.10556125, 0.04573970, -0.99335983]
  cam_t_m2c: [-14.99256785, 16.57812323, 634.58141571]
  obj_bb: [168, 166, 61, 62]
  obj_id: 1
14:
- cam_R_m2c: [0.31870384, 0.94785484, -0.00027993, 0.94149108, -0.31659805, -0.11558700, -0.10964741, 0.03657424, -0.99329713]
  cam_t_m2c: [-14.97664652, 16.33572175, 634.58356708]
  obj_bb: [168, 166, 61, 62]
  obj_id: 1
15:
- cam_R_m2c: [0.24108702, 0.97050344, -0.00015945, 0.96391580, -0.23946944, -0.11627954, -0.11288811, 0.02787974, -0.99321635]
  cam_t_m2c: [-14.91629594, 16.14305112, 634.67034607]
  obj_bb: [168, 166, 62, 62]
  obj_id: 1
16:
- cam_R_m2c: [0.14913211, 0.98881681, 0.00031213, 0.98203507, -0.14807213, -0.11696619, -0.11561191, 0.01774984, -0.99313547]
  cam_t_m2c: [-14.78927018, 15.89413259, 634.65444770]
  obj_bb: [169, 166, 61, 62]
  obj_id: 1
17:
- cam_R_m2c: [0.06234365, 0.99805419, 0.00106325, 0.99126305, -0.06179529, -0.11652712, -0.11623457, 0.00831868, -0.99318687]
  cam_t_m2c: [-14.61368809, 15.72629229, 634.67151670]
  obj_bb: [169, 167, 61, 62]
  obj_id: 1
18:
- cam_R_m2c: [-0.02483100, 0.99969117, 0.00077127, 0.99292338, 0.02475250, -0.11614561, -0.11612874, -0.00211821, -0.99323188]
  cam_t_m2c: [-14.60585855, 15.54115428, 634.67252777]
  obj_bb: [169, 166, 61, 62]
  obj_id: 1
19:
- cam_R_m2c: [-0.11193051, 0.99371467, 0.00152202, 0.98692658, 0.11134398, -0.11652738, -0.11596479, -0.01154087, -0.99318603]
  cam_t_m2c: [-14.40477679, 15.33090834, 634.66827728]
  obj_bb: [168, 166, 62, 62]
  obj_id: 1
20:
- cam_R_m2c: [-0.19798678, 0.98020371, 0.00164075, 0.97363334, 0.19685224, -0.11527175, -0.11331270, -0.02122487, -0.99333288]
  cam_t_m2c: [-14.27689141, 15.23043344, 634.64793765]
  obj_bb: [169, 166, 61, 62]
  obj_id: 1
21:
- cam_R_m2c: [-0.28283996, 0.95916449, 0.00231059, 0.95269525, 0.28121040, -0.11529251, -0.11123439, -0.03040803, -0.99332869]
  cam_t_m2c: [-14.04152703, 15.03876781, 634.65813200]
  obj_bb: [169, 167, 61, 62]
  obj_id: 1
22:
- cam_R_m2c: [-0.36541203, 0.93084215, 0.00253805, 0.92457718, 0.36326610, -0.11486935, -0.10784670, -0.03962795, -0.99337708]
  cam_t_m2c: [-13.86584129, 14.90706440, 634.59103527]
  obj_bb: [169, 166, 62, 62]
  obj_id: 1
23:
- cam_R_m2c: [-0.44525764, 0.89539891, 0.00274007, 0.88938686, 0.44261842, -0.11436567, -0.10361535, -0.04848502, -0.99343539]
  cam_t_m2c: [-13.67420108, 14.79947242, 634.57979710]
  obj_bb: [169, 166, 61, 62]
  obj_id: 1
24:
- cam_R_m2c: [-0.51650931, 0.85627639, 0.00296410, 0.85051539, 0.51342897, -0.11408166, -0.09920751, -0.05640333, -0.99346726]
  cam_t_m2c: [-13.47495767, 14.70077475, 634.60627535]
  obj_bb: [169, 166, 61, 62]
  obj_id: 1
25:
- cam_R_m2c: [-0.58931776, 0.80789675, 0.00284769, 0.80249995, 0.58578112, -0.11338165, -0.09326840, -0.06453223, -0.99354749]
  cam_t_m2c: [-13.30664129, 14.64391353, 634.54867549]
  obj_bb: [169, 166, 62, 62]
  obj_id: 1
26:
- cam_R_m2c: [-0.65780845, 0.75317741, 0.00337181, 0.74800332, 0.65380125, -0.11416629, -0.08819215, -0.07257759, -0.99345569]
  cam_t_m2c: [-13.03649093, 14.53446488, 634.62188164]
  obj_bb: [169, 167, 61, 62]
  obj_id: 1
27:
- cam_R_m2c: [-0.72116355, 0.69275614, 0.00354262, 0.68797863, 0.71677055, -0.11368994, -0.08129864, -0.07955175, -0.99351018]
  cam_t_m2c: [-12.79977715, 14.49471094, 634.60534452]
  obj_bb: [169, 167, 61, 62]
  obj_id: 1
28:
- cam_R_m2c: [-0.77894932, 0.62707640, 0.00361212, 0.62271497, 0.77418487, -0.11342065, -0.07391969, -0.08609946, -0.99354033]
  cam_t_m2c: [-12.56960656, 14.50465093, 634.64486470]
  obj_bb: [169, 167, 61, 62]
  obj_id: 1
29:
- cam_R_m2c: [-0.83081326, 0.55653906, 0.00370267, 0.55256947, 0.82564588, -0.11391569, -0.06645533, -0.09259635, -0.99348378]
  cam_t_m2c: [-12.33831386, 14.47144968, 634.69803858]
  obj_bb: [169, 167, 61, 62]
  obj_id: 1
30:
- cam_R_m2c: [-0.87630143, 0.48174726, 0.00389471, 0.47819833, 0.87077202, -0.11437336, -0.05849050, -0.09836331, -0.99342993]
  cam_t_m2c: [-12.09523956, 14.47384866, 634.77406964]
  obj_bb: [169, 167, 62, 62]
  obj_id: 1
31:
- cam_R_m2c: [-0.91506687, 0.40327899, 0.00441262, 0.40016842, 0.90926231, -0.11449067, -0.05018374, -0.10300080, -0.99341421]
  cam_t_m2c: [-11.80267135, 14.51501277, 634.81247344]
  obj_bb: [169, 167, 61, 62]
  obj_id: 1
32:
- cam_R_m2c: [-0.94681008, 0.32176212, 0.00451597, 0.31913671, 0.94069715, -0.11506494, -0.04127175, -0.10750378, -0.99334759]
  cam_t_m2c: [-11.57996059, 14.53705717, 634.87103886]
  obj_bb: [169, 167, 62, 62]
  obj_id: 1
33:
- cam_R_m2c: [-0.97130227, 0.23780672, 0.00451385, 0.23571686, 0.96495476, -0.11532332, -0.03178026, -0.11094975, -0.99331793]
  cam_t_m2c: [-11.36708128, 14.63924322, 634.91097368]
  obj_bb: [169, 167, 61, 62]
  obj_id: 1
34:
- cam_R_m2c: [-0.98837255, 0.15196887, 0.00501007, 0.15037033, 0.98180202, -0.11599042, -0.02254583, -0.11388814, -0.99323733]
  cam_t_m2c: [-11.10266190, 14.70748763, 634.98509653]
  obj_bb: [169, 166, 61, 62]
  obj_id: 1
35:
- cam_R_m2c: [-0.99786013, 0.06515420, 0.00539381, 0.06410040, 0.99126434, -0.11526474, -0.01285666, -0.11467218, -0.99332020]
  cam_t_m2c: [-10.88587397, 14.86715180, 634.94742719]
  obj_bb: [170, 166, 61, 62]
  obj_id: 1
36:
- cam_R_m2c: [-0.99974148, -0.02212403, 0.00524900, -0.02258321, 0.99301773, -0.11578110, -0.00265080, -0.11587033, -0.99326089]
  cam_t_m2c: [-10.73650472, 14.97618078, 635.05346640]
  obj_bb: [169, 166, 61, 62]
  obj_id: 1
37:
- cam_R_m2c: [-0.99399083, -0.10927878, 0.00642379, -0.10928716, 0.98728332, -0.11544685, 0.00627371, -0.11545477, -0.99329301]
  cam_t_m2c: [-10.45253602, 15.15827261, 634.97547391]
  obj_bb: [169, 167, 62, 62]
  obj_id: 1
38:
- cam_R_m2c: [-0.98069490, -0.19543919, 0.00634889, -0.19488625, 0.97422841, -0.11357488, 0.01601164, -0.11261911, -0.99350883]
  cam_t_m2c: [-10.30315654, 15.36718845, 634.88057264]
  obj_bb: [170, 166, 61, 62]
  obj_id: 1
39:
- cam_R_m2c: [-0.95991080, -0.28023071, 0.00655038, -0.27913869, 0.95351772, -0.11351410, 0.02556428, -0.11079234, -0.99351506]
  cam_t_m2c: [-10.15229794, 15.56074999, 634.91953042]
  obj_bb: [169, 167, 61, 61]
  obj_id: 1
40:
- cam_R_m2c: [-0.93180472, -0.36290530, 0.00637735, -0.36126399, 0.92560761, -0.11286318, 0.03505570, -0.10747028, -0.99358998]
  cam_t_m2c: [-10.05896526, 15.73180032, 634.81969143]
  obj_bb: [169, 167, 61, 62]
  obj_id: 1
41:
- cam_R_m2c: [-0.89661235, -0.44276873, 0.00644856, -0.44064028, 0.89067121, -0.11198828, 0.04384134, -0.10325170, -0.99368839]
  cam_t_m2c: [-9.93255917, 15.96040872, 634.74147668]
  obj_bb: [169, 166, 62, 62]
  obj_id: 1
42:
- cam_R_m2c: [-0.85463538, -0.51919061, 0.00628050, -0.51657037, 0.84897434, -0.11134182, 0.05247563, -0.09840077, -0.99376222]
  cam_t_m2c: [-9.86197184, 16.17726569, 634.71142211]
  obj_bb: [169, 167, 62, 61]
  obj_id: 1
43:
- cam_R_m2c: [-0.80611833, -0.59172558, 0.00579173, -0.58865428, 0.80085603, -0.11007118, 0.06049379, -0.09213991, -0.99390683]
  cam_t_m2c: [-9.86045632, 16.43706602, 634.57087986]
  obj_bb: [169, 167, 62, 62]
  obj_id: 1
44:
- cam_R_m2c: [-0.75147001, -0.65973837, 0.00615614, -0.65623871, 0.74645485, -0.11025363, 0.06814352, -0.08689236, -0.99388420]
  cam_t_m2c: [-9.72043461, 16.62497402, 634.58294920]
  obj_bb: [170, 167, 61, 61]
  obj_id: 1
45:
- cam_R_m2c: [-0.69114951, -0.72268585, 0.00607825, -0.71879147, 0.68650158, -0.10979498, 0.07517468, -0.08025384, -0.99393534]
  cam_t_m2c: [-9.68220343, 16.86620533, 634.56245795]
  obj_bb: [169, 167, 61, 62]
  obj_id: 1
46:
- cam_R_m2c: [-0.62564026, -0.78009148, 0.00563521, -0.77587187, 0.62147057, -0.10861274, 0.08122603, -0.07232494, -0.99406797]
  cam_t_m2c: [-9.70069362, 17.12643370, 634.44445373]
  obj_bb: [169, 167, 61, 62]
  obj_id: 1
47:
- cam_R_m2c: [-0.55549705, -0.83150444, 0.00494503, -0.82687524, 0.55175726, -0.10881400, 0.08775084, -0.06453476, -0.99405027]
  cam_t_m2c: [-9.77037408, 17.34141852, 634.46313596]
  obj_bb: [169, 167, 61, 61]
  obj_id: 1
48:
- cam_R_m2c: [-0.48110734, -0.87664791, 0.00479258, -0.87172149, 0.47781033, -0.10862000, 0.09293192, -0.05643587, -0.99407185]
  cam_t_m2c: [-9.77773464, 17.57379976, 634.43191054]
  obj_bb: [168, 167, 62, 62]
  obj_id: 1
49:
- cam_R_m2c: [-0.40308472, -0.91515207, 0.00432401, -0.90994295, 0.40027768, -0.10853935, 0.09759939, -0.04768508, -0.99408261]
  cam_t_m2c: [-9.85088112, 17.79247971, 634.41657099]
  obj_bb: [169, 167, 62, 61]
  obj_id: 1
50:
- cam_R_m2c: [-0.32204849, -0.94671601, 0.00369260, -0.94124144, 0.31976316, -0.10869905, 0.10172648, -0.03848214, -0.99406745]
  cam_t_m2c: [-9.96746533, 17.98501019, 634.38182963]
  obj_bb: [169, 167, 61, 62]
  obj_id: 1
51:
- cam_R_m2c: [-0.23847471, -0.97114435, 0.00306072, -0.96541251, 0.23672326, -0.10927077, 0.10539333, -0.02901308, -0.99400767]
  cam_t_m2c: [-10.08340628, 18.18263410, 634.43544481]
  obj_bb: [169, 167, 61, 62]
  obj_id: 1
52:
- cam_R_m2c: [-0.15315373, -0.98819719, 0.00317142, -0.98240059, 0.15190613, -0.10869167, 0.10692758, -0.01976217, -0.99407046]
  cam_t_m2c: [-10.13167665, 18.40061942, 634.37348755]
  obj_bb: [169, 167, 61, 61]
  obj_id: 1
53:
- cam_R_m2c: [-0.06671789, -0.99776844, 0.00273114, -0.99186753, 0.06602554, -0.10880789, 0.10838460, -0.00996834, -0.99405894]
  cam_t_m2c: [-10.26074364, 18.58619487, 634.35433057]
  obj_bb: [169, 167, 61, 62]
  obj_id: 1
54:
- cam_R_m2c: [0.02014134, -0.99979595, 0.00175715, -0.99386104, -0.02021296, -0.10877421, 0.10878725, 0.00044452, -0.99406471]
  cam_t_m2c: [-10.50897765, 18.77074270, 634.31147659]
  obj_bb: [169, 167, 61, 62]
  obj_id: 1
55:
- cam_R_m2c: [0.10711447, -0.99424529, 0.00192775, -0.98833722, -0.10668853, -0.10866078, 0.10824102, 0.00973384, -0.99407723]
  cam_t_m2c: [-10.59917421, 18.91928052, 634.25012543]
  obj_bb: [169, 167, 61, 61]
  obj_id: 1
56:
- cam_R_m2c: [0.19310013, -0.98117816, 0.00157325, -0.97548696, -0.19215202, -0.10725185, 0.10553563, 0.01917573, -0.99423022]
  cam_t_m2c: [-10.77252055, 19.11482866, 634.12623918]
  obj_bb: [169, 167, 61, 61]
  obj_id: 1
57:
- cam_R_m2c: [0.27770344, -0.96066565, 0.00130792, -0.95501722, -0.27621791, -0.10791944, 0.10403602, 0.02872070, -0.99415840]
  cam_t_m2c: [-10.93263564, 19.23015460, 634.18176667]
  obj_bb: [168, 167, 62, 62]
  obj_id: 1
58:
- cam_R_m2c: [0.36016441, -0.93288844, 0.00092831, -0.92743872, -0.35816714, -0.10758271, 0.10069610, 0.03788668, -0.99419518]
  cam_t_m2c: [-11.14229541, 19.36483994, 634.09519452]
  obj_bb: [169, 167, 61, 62]
  obj_id: 1
59:
- cam_R_m2c: [0.44002938, -0.89798262, 0.00037976, -0.89275362, -0.43751259, -0.10758562, 0.09677601, 0.04700172, -0.99419594]
  cam_t_m2c: [-11.34925580, 19.46447903, 634.05211566]
  obj_bb: [169, 167, 61, 61]
  obj_id: 1
60:
- cam_R_m2c: [0.51653720, -0.85626488, 0.00009748, -0.85126113, -0.51353091, -0.10789209, 0.09243394, 0.05564700, -0.99416226]
  cam_t_m2c: [-11.54666561, 19.53617244, 634.06486120]
  obj_bb: [168, 167, 61, 61]
  obj_id: 1
61:
- cam_R_m2c: [0.58920002, -0.80798770, -0.00030288, -0.80331985, -0.58575573, -0.10755683, 0.08672684, 0.06361560, -0.99419885]
  cam_t_m2c: [-11.76680273, 19.61100030, 633.97681122]
  obj_bb: [169, 167, 61, 61]
  obj_id: 1
62:
- cam_R_m2c: [0.65743081, -0.75351484, -0.00069569, -0.74912509, -0.65350153, -0.10838413, 0.08121418, 0.07177603, -0.99410911]
  cam_t_m2c: [-12.01248100, 19.62632138, 634.03746266]
  obj_bb: [168, 167, 62, 61]
  obj_id: 1
63:
- cam_R_m2c: [0.72061443, -0.69333560, -0.00092699, -0.68928487, -0.71625857, -0.10890682, 0.07484482, 0.07911856, -0.99405143]
  cam_t_m2c: [-12.22576229, 19.65936351, 634.03943032]
  obj_bb: [168, 167, 61, 61]
  obj_id: 1
64:
- cam_R_m2c: [0.77838541, -0.62778562, -0.00114409, -0.62415035, -0.77367962, -0.10888966, 0.06747426, 0.08547229, -0.99405332]
  cam_t_m2c: [-12.44016866, 19.66939096, 634.03510221]
  obj_bb: [169, 167, 61, 61]
  obj_id: 1
65:
- cam_R_m2c: [0.83023965, -0.55740513, -0.00150468, -0.55416868, -0.82512176, -0.10986706, 0.05999909, 0.09205008, -0.99394482]
  cam_t_m2c: [-12.67255716, 19.63450529, 634.08408476]
  obj_bb: [168, 167, 61, 61]
  obj_id: 1
66:
- cam_R_m2c: [0.87574739, -0.48276770, -0.00162097, -0.47995764, -0.87027810, -0.11071084, 0.05203669, 0.09773249, -0.99385169]
  cam_t_m2c: [-12.87706641, 19.57650023, 634.16481235]
  obj_bb: [169, 167, 61, 61]
  obj_id: 1
67:
- cam_R_m2c: [0.91453025, -0.40451377, -0.00179894, -0.40218135, -0.90876193, -0.11136565, 0.04341411, 0.10257044, -0.99377830]
  cam_t_m2c: [-13.10331440, 19.55514297, 634.25817691]
  obj_bb: [168, 167, 62, 61]
  obj_id: 1
68:
- cam_R_m2c: [0.94632653, -0.32320586, -0.00198215, -0.32138184, -0.94029671, -0.11205258, 0.03435233, 0.10667599, -0.99370042]
  cam_t_m2c: [-13.32365734, 19.46098360, 634.33371272]
  obj_bb: [168, 166, 61, 62]
  obj_id: 1
69:
- cam_R_m2c: [0.97091454, -0.23941616, -0.00206463, -0.23811820, -0.96468361, -0.11263068, 0.02497387, 0.10984694, -0.99363449]
  cam_t_m2c: [-13.51848881, 19.36826157, 634.34305849]
  obj_bb: [169, 166, 61, 62]
  obj_id: 1
70:
- cam_R_m2c: [0.98809239, -0.15385224, -0.00159543, -0.15305142, -0.98177600, -0.11265562, 0.01576602, 0.11155867, -0.99363325]
  cam_t_m2c: [-13.64190961, 19.28445667, 634.41287119]
  obj_bb: [169, 167, 61, 62]
  obj_id: 1
71:
- cam_R_m2c: [0.99772443, -0.06740086, -0.00175023, -0.06716612, -0.99131259, -0.11308395, 0.00588692, 0.11294413, -0.99358369]
  cam_t_m2c: [-13.83960168, 19.19010923, 634.46591703]
  obj_bb: [168, 167, 61, 62]
  obj_id: 1
72:
- cam_R_m2c: [0.99988924, -0.01431702, -0.00416638, -0.01491083, -0.95910500, -0.28265739, 0.00005083, 0.28268858, -0.95921172]
  cam_t_m2c: [-14.95426660, 11.31424261, 633.03122950]
  obj_bb: [168, 160, 61, 67]
  obj_id: 1
73:
- cam_R_m2c: [0.99735075, 0.07259722, -0.00452119, 0.06837789, -0.95695326, -0.28207394, -0.02480433, 0.28101719, -0.95938207]
  cam_t_m2c: [-15.17576181, 11.18166062, 633.08223586]
  obj_bb: [169, 160, 61, 67]
  obj_id: 1
74:
- cam_R_m2c: [0.98728637, 0.15889198, -0.00425186, 0.15129170, -0.94759183, -0.28139174, -0.04873991, 0.27717134, -0.95958377]
  cam_t_m2c: [-15.33125085, 11.05376392, 633.09517650]
  obj_bb: [168, 160, 62, 67]
  obj_id: 1
75:
- cam_R_m2c: [0.96975424, 0.24404353, -0.00441508, 0.23298177, -0.93088781, -0.28136683, -0.07277577, 0.27182802, -0.95959021]
  cam_t_m2c: [-15.50593651, 10.88423192, 633.16601634]
  obj_bb: [168, 161, 61, 67]
  obj_id: 1
76:
- cam_R_m2c: [0.94484264, 0.32750022, -0.00388262, 0.31326751, -0.90711308, -0.28108558, -0.09557749, 0.26436474, -0.95967509]
  cam_t_m2c: [-15.55793451, 10.71166229, 633.21907609]
  obj_bb: [168, 161, 61, 66]
  obj_id: 1
77:
- cam_R_m2c: [0.91277427, 0.40844503, -0.00408540, 0.39091582, -0.87641303, -0.28121970, -0.11844331, 0.25509229, -0.95963485]
  cam_t_m2c: [-15.71278952, 10.53771259, 633.23713288]
  obj_bb: [169, 160, 61, 67]
  obj_id: 1
78:
- cam_R_m2c: [0.87373747, 0.48638058, -0.00416098, 0.46568823, -0.83897551, -0.28152238, -0.14041735, 0.24403894, -0.95954583]
  cam_t_m2c: [-15.83476633, 10.32504678, 633.27024844]
  obj_bb: [169, 161, 61, 67]
  obj_id: 1
79:
- cam_R_m2c: [0.82805211, 0.56063316, -0.00449547, 0.53701749, -0.79542367, -0.28091465, -0.16106599, 0.23019791, -0.95972262]
  cam_t_m2c: [-15.94564408, 10.14949411, 633.27032445]
  obj_bb: [168, 160, 62, 67]
  obj_id: 1
80:
- cam_R_m2c: [0.77606137, 0.63064365, -0.00425268, 0.60425964, -0.74549018, -0.28127328, -0.18055371, 0.21571543, -0.95961849]
  cam_t_m2c: [-16.00153196, 9.92670026, 633.26743830]
  obj_bb: [168, 160, 62, 67]
  obj_id: 1
81:
- cam_R_m2c: [0.71809913, 0.69592914, -0.00392112, 0.66705785, -0.68989288, -0.28121505, -0.19841107, 0.19932407, -0.95963717]
  cam_t_m2c: [-15.99197724, 9.71495242, 633.32893041]
  obj_bb: [168, 160, 62, 68]
  obj_id: 1
82:
- cam_R_m2c: [0.65461498, 0.75595165, -0.00408590, 0.72465861, -0.62903764, -0.28139336, -0.21528966, 0.18124327, -0.95958437]
  cam_t_m2c: [-16.05919139, 9.52093370, 633.33305731]
  obj_bb: [168, 160, 61, 67]
  obj_id: 1
83:
- cam_R_m2c: [0.58615676, 0.81018751, -0.00390539, 0.77658906, -0.56320919, -0.28232058, -0.23093174, 0.16245169, -0.95931192]
  cam_t_m2c: [-16.07175354, 9.28802944, 633.41631493]
  obj_bb: [168, 159, 61, 68]
  obj_id: 1
84:
- cam_R_m2c: [0.51324280, 0.85823654, -0.00359381, 0.82266597, -0.49315544, -0.28287611, -0.24454701, 0.14222734, -0.95914964]
  cam_t_m2c: [-16.04048741, 9.05833440, 633.50562741]
  obj_bb: [168, 160, 62, 68]
  obj_id: 1
85:
- cam_R_m2c: [0.43624111, 0.89982327, -0.00349293, 0.86232366, -0.41916451, -0.28407400, -0.25708056, 0.12091286, -0.95879620]
  cam_t_m2c: [-16.01452595, 8.84285655, 633.54966234]
  obj_bb: [168, 160, 62, 67]
  obj_id: 1
86:
- cam_R_m2c: [0.35597981, 0.93448910, -0.00302954, 0.89579979, -0.34216072, -0.28366912, -0.26612256, 0.09826664, -0.95891703]
  cam_t_m2c: [-15.94768414, 8.64587510, 633.57033962]
  obj_bb: [168, 160, 62, 67]
  obj_id: 1
87:
- cam_R_m2c: [0.27288966, 0.96204143, -0.00275213, 0.92189602, -0.26231808, -0.28512532, -0.27502474, 0.07527082, -0.95848636]
  cam_t_m2c: [-15.88918235, 8.42171265, 633.69084079]
  obj_bb: [169, 161, 61, 66]
  obj_id: 1
88:
- cam_R_m2c: [0.18777794, 0.98220909, -0.00211684, 0.94141536, -0.18059281, -0.28482244, -0.28013789, 0.05149063, -0.95857797]
  cam_t_m2c: [-15.77206311, 8.20195408, 633.66770688]
  obj_bb: [169, 161, 61, 66]
  obj_id: 1
89:
- cam_R_m2c: [0.10108886, 0.99487525, -0.00209901, 0.95375096, -0.09751016, -0.28434240, -0.28308986, 0.02674189, -0.95872019]
  cam_t_m2c: [-15.68798879, 8.04815962, 633.71493964]
  obj_bb: [169, 160, 61, 67]
  obj_id: 1
90:
- cam_R_m2c: [0.01369355, 0.99990462, -0.00203890, 0.95822967, -0.01370532, -0.28567191, -0.28567251, 0.00195813, -0.95832569]
  cam_t_m2c: [-15.62090490, 7.85319269, 633.80806442]
  obj_bb: [169, 160, 61, 67]
  obj_id: 1
91:
- cam_R_m2c: [-0.07365009, 0.99728191, -0.00187673, 0.95601835, 0.07006675, -0.28481606, -0.28391078, -0.02277093, -0.95858035]
  cam_t_m2c: [-15.48217989, 7.67133034, 633.83632054]
  obj_bb: [168, 160, 62, 67]
  obj_id: 1
92:
- cam_R_m2c: [-0.16029410, 0.98706877, -0.00114713, 0.94607957, 0.15330574, -0.28535928, -0.28149368, -0.04682652, -0.95842026]
  cam_t_m2c: [-15.32853439, 7.48434471, 633.89367173]
  obj_bb: [169, 159, 61, 68]
  obj_id: 1
93:
- cam_R_m2c: [-0.24562049, 0.96936536, -0.00094434, 0.92933759, 0.23520093, -0.28462583, -0.27568470, -0.07078767, -0.95863800]
  cam_t_m2c: [-15.15603247, 7.32921428, 633.95820691]
  obj_bb: [169, 160, 61, 68]
  obj_id: 1
94:
- cam_R_m2c: [-0.32946579, 0.94416783, -0.00037904, 0.90528657, 0.31578409, -0.28414196, -0.26815832, -0.09395822, -0.95878169]
  cam_t_m2c: [-14.91061796, 7.18900265, 633.97935379]
  obj_bb: [168, 160, 62, 67]
  obj_id: 1
95:
- cam_R_m2c: [-0.41067866, 0.91178003, -0.00035759, 0.87432911, 0.39369895, -0.28381114, -0.25863289, -0.11686748, -0.95888034]
  cam_t_m2c: [-14.78198359, 7.07876393, 633.96363156]
  obj_bb: [169, 160, 61, 67]
  obj_id: 1
96:
- cam_R_m2c: [-0.48877394, 0.87241049, 0.00010092, 0.83644958, 0.46865875, -0.28409635, -0.24789605, -0.13877514, -0.95879515]
  cam_t_m2c: [-14.53626125, 6.93942294, 634.01803010]
  obj_bb: [169, 159, 61, 68]
  obj_id: 1
97:
- cam_R_m2c: [-0.56313209, 0.82636739, 0.00014704, 0.79235041, 0.54000106, -0.28386607, -0.23465678, -0.15973753, -0.95886364]
  cam_t_m2c: [-14.31967358, 6.87547876, 634.11124250]
  obj_bb: [168, 161, 62, 67]
  obj_id: 1
98:
- cam_R_m2c: [-0.63307382, 0.77409087, 0.00077311, 0.74233347, 0.60738354, -0.28288737, -0.21945063, -0.17851408, -0.95915286]
  cam_t_m2c: [-14.05024267, 6.81495098, 633.98704457]
  obj_bb: [169, 161, 61, 67]
  obj_id: 1
99:
- cam_R_m2c: [-0.69835910, 0.71574677, 0.00114637, 0.68627645, 0.67005822, -0.28292689, -0.20327264, -0.19679859, -0.95914044]
  cam_t_m2c: [-13.76821198, 6.74883567, 634.03739003]
  obj_bb: [169, 161, 62, 67]
  obj_id: 1
100:
- cam_R_m2c: [-0.75825328, 0.65195929, 0.00114369, 0.62515994, 0.72758083, -0.28249107, -0.18500478, -0.21348451, -0.95926922]
  cam_t_m2c: [-13.55285041, 6.76444567, 634.03043482]
  obj_bb: [169, 161, 61, 67]
  obj_id: 1
101:
- cam_R_m2c: [-0.81236099, 0.58315256, 0.00130098, 0.55901262, 0.77936378, -0.28301404, -0.16605449, -0.22918225, -0.95911532]
  cam_t_m2c: [-13.32090962, 6.74478026, 634.09502109]
  obj_bb: [169, 161, 61, 67]
  obj_id: 1
102:
- cam_R_m2c: [-0.86014474, 0.51004628, 0.00184696, 0.48871130, 0.82519265, -0.28322687, -0.14598336, -0.24271430, -0.95905120]
  cam_t_m2c: [-13.04659267, 6.75871993, 634.15680489]
  obj_bb: [169, 160, 61, 68]
  obj_id: 1
103:
- cam_R_m2c: [-0.90141340, 0.43295513, 0.00179738, 0.41468762, 0.86455882, -0.28385212, -0.12444887, -0.25512285, -0.95886612]
  cam_t_m2c: [-12.82829201, 6.77536615, 634.17545159]
  obj_bb: [169, 160, 61, 68]
  obj_id: 1
104:
- cam_R_m2c: [-0.93579054, 0.35255261, 0.00188978, 0.33756931, 0.89754027, -0.28366794, -0.10170411, -0.26481620, -0.95892109]
  cam_t_m2c: [-12.58912354, 6.86090760, 634.22587416]
  obj_bb: [169, 160, 61, 68]
  obj_id: 1
105:
- cam_R_m2c: [-0.96294939, 0.26967414, 0.00213865, 0.25794260, 0.92331560, -0.28452447, -0.07870342, -0.27343087, -0.95866689]
  cam_t_m2c: [-12.37581249, 6.91721238, 634.29579547]
  obj_bb: [169, 160, 61, 68]
  obj_id: 1
106:
- cam_R_m2c: [-0.98279082, 0.18470802, 0.00234825, 0.17647258, 0.94257225, -0.28357494, -0.05459219, -0.27828044, -0.95894734]
  cam_t_m2c: [-12.17965075, 7.02426932, 634.15303384]
  obj_bb: [169, 159, 61, 68]
  obj_id: 1
107:
- cam_R_m2c: [-0.99515377, 0.09829583, 0.00274437, 0.09349691, 0.95447717, -0.28325062, -0.03046174, -0.28162112, -0.95904177]
  cam_t_m2c: [-11.92515842, 7.17453434, 634.18150706]
  obj_bb: [169, 160, 61, 67]
  obj_id: 1
108:
- cam_R_m2c: [-0.99984084, 0.01765694, 0.00268129, 0.01616463, 0.95853993, -0.28449948, -0.00759351, -0.28441057, -0.95867275]
  cam_t_m2c: [-11.82078665, 7.25523274, 634.20172583]
  obj_bb: [169, 160, 61, 67]
  obj_id: 1
109:
- cam_R_m2c: [-0.99758049, -0.06947941, 0.00240620, -0.06730580, 0.95654639, -0.28370727, 0.01741019, -0.28318286, -0.95890794]
  cam_t_m2c: [-11.65100520, 7.41600861, 634.21325700]
  obj_bb: [169, 161, 61, 67]
  obj_id: 1
110:
- cam_R_m2c: [-0.98775676, -0.15597428, 0.00296676, -0.15043179, 0.94727870, -0.28289971, 0.04131476, -0.27988255, -0.95914517]
  cam_t_m2c: [-11.45082553, 7.60020833, 634.13099711]
  obj_bb: [170, 161, 61, 67]
  obj_id: 1
111:
- cam_R_m2c: [-0.96885102, -0.24763192, 0.00269772, -0.23825312, 0.92907797, -0.28293132, 0.06755620, -0.27476095, -0.95913644]
  cam_t_m2c: [-11.35409409, 7.73077793, 634.10335827]
  obj_bb: [169, 161, 61, 66]
  obj_id: 1
112:
- cam_R_m2c: [-0.94568209, -0.32507513, 0.00335270, -0.31275409, 0.90692804, -0.28225366, 0.08871286, -0.26797091, -0.95933387]
  cam_t_m2c: [-11.12363588, 7.91637672, 634.04090928]
  obj_bb: [169, 161, 61, 67]
  obj_id: 1
113:
- cam_R_m2c: [-0.91376189, -0.40623837, 0.00318075, -0.39061733, 0.87641879, -0.28161677, 0.11161607, -0.25857311, -0.95952223]
  cam_t_m2c: [-11.04116303, 8.12008755, 633.92999267]
  obj_bb: [169, 161, 61, 67]
  obj_id: 1
114:
- cam_R_m2c: [-0.87488218, -0.48432619, 0.00314364, -0.46551199, 0.83906943, -0.28153366, 0.13371593, -0.24777200, -0.95954570]
  cam_t_m2c: [-10.95991693, 8.29004691, 633.87117228]
  obj_bb: [169, 160, 62, 67]
  obj_id: 1
115:
- cam_R_m2c: [-0.82933335, -0.55874440, 0.00330435, -0.53704342, 0.79546213, -0.28075767, 0.15424313, -0.23461595, -0.95977353]
  cam_t_m2c: [-10.83540515, 8.53359499, 633.82206557]
  obj_bb: [169, 160, 61, 68]
  obj_id: 1
116:
- cam_R_m2c: [-0.77754562, -0.62882034, 0.00282489, -0.60439910, 0.74609272, -0.27936961, 0.17356587, -0.21893039, -0.96017902]
  cam_t_m2c: [-10.83815649, 8.72480914, 633.61014253]
  obj_bb: [169, 161, 61, 67]
  obj_id: 1
117:
- cam_R_m2c: [-0.71971091, -0.69426762, 0.00316099, -0.66738077, 0.69056965, -0.27877619, 0.19136189, -0.20274798, -0.96035114]
  cam_t_m2c: [-10.71207104, 8.94365752, 633.54185377]
  obj_bb: [169, 160, 61, 67]
  obj_id: 1
118:
- cam_R_m2c: [-0.65643469, -0.75437850, 0.00265098, -0.72508375, 0.62996623, -0.27820151, 0.20819924, -0.18454345, -0.96051879]
  cam_t_m2c: [-10.73607845, 9.20483529, 633.41396506]
  obj_bb: [169, 160, 61, 68]
  obj_id: 1
119:
- cam_R_m2c: [-0.58326330, -0.81228057, 0.00210273, -0.78073384, 0.55989236, -0.27744557, 0.22418665, -0.16346557, -0.96073930]
  cam_t_m2c: [-10.78703848, 9.42765861, 633.31166386]
  obj_bb: [169, 160, 61, 67]
  obj_id: 1
120:
- cam_R_m2c: [-0.51031737, -0.85998411, 0.00204654, -0.82656806, 0.48982835, -0.27722589, 0.23740655, -0.14316427, -0.96080319]
  cam_t_m2c: [-10.78779324, 9.65237913, 633.25259035]
  obj_bb: [169, 160, 61, 68]
  obj_id: 1
121:
- cam_R_m2c: [-0.43889422, -0.89853755, 0.00142249, -0.86335801, 0.42127097, -0.27774669, 0.24896725, -0.12312993, -0.96065331]
  cam_t_m2c: [-10.87438299, 9.84065514, 633.21143747]
  obj_bb: [168, 161, 62, 67]
  obj_id: 1
122:
- cam_R_m2c: [-0.35883207, -0.93340091, 0.00134254, -0.89705419, 0.34446107, -0.27683978, 0.25793986, -0.10054340, -0.96091525]
  cam_t_m2c: [-10.90163244, 10.08478293, 633.11970850]
  obj_bb: [168, 161, 62, 66]
  obj_id: 1
123:
- cam_R_m2c: [-0.27620650, -0.96109812, 0.00078862, -0.92337029, 0.26513636, -0.27765179, 0.26664061, -0.07741732, -0.96068120]
  cam_t_m2c: [-11.02081866, 10.27367169, 633.12327012]
  obj_bb: [169, 161, 61, 67]
  obj_id: 1
124:
- cam_R_m2c: [-0.19145496, -0.98150150, 0.00072988, -0.94314396, 0.18376761, -0.27696576, 0.27170838, -0.05371495, -0.96087944]
  cam_t_m2c: [-11.09009090, 10.46676383, 632.95431016]
  obj_bb: [169, 162, 61, 66]
  obj_id: 1
125:
- cam_R_m2c: [-0.10518763, -0.99445231, 0.00008347, -0.95571228, 0.10106670, -0.27640395, 0.27486202, -0.02915408, -0.96104194]
  cam_t_m2c: [-11.23819548, 10.70393353, 632.91050767]
  obj_bb: [169, 161, 61, 66]
  obj_id: 1
126:
- cam_R_m2c: [-0.01812788, -0.99983585, -0.00028044, -0.96048543, 0.01749234, -0.27778042, 0.27773954, -0.00476621, -0.96064449]
  cam_t_m2c: [-11.40186523, 10.85958244, 632.91081369]
  obj_bb: [168, 161, 62, 67]
  obj_id: 1
127:
- cam_R_m2c: [0.06892461, -0.99762110, -0.00132523, -0.95859727, -0.06586038, -0.27704610, 0.27629929, 0.02036563, -0.96085592]
  cam_t_m2c: [-11.61541629, 11.02713325, 632.81515294]
  obj_bb: [168, 161, 61, 67]
  obj_id: 1
128:
- cam_R_m2c: [0.15539564, -0.98785099, -0.00170729, -0.94944431, -0.14887706, -0.27638813, 0.27277554, 0.04457065, -0.96104415]
  cam_t_m2c: [-11.79915222, 11.18671508, 632.77130399]
  obj_bb: [169, 160, 61, 67]
  obj_id: 1
129:
- cam_R_m2c: [0.24057746, -0.97062712, -0.00223456, -0.93284986, -0.23057663, -0.27681505, 0.26816902, 0.06867994, -0.96092059]
  cam_t_m2c: [-12.00415487, 11.29363683, 632.75100692]
  obj_bb: [168, 160, 62, 67]
  obj_id: 1
130:
- cam_R_m2c: [0.32409634, -0.94602196, -0.00221966, -0.90917333, -0.31082217, -0.27711659, 0.26146823, 0.09183051, -0.96083379]
  cam_t_m2c: [-12.13753131, 11.41035497, 632.73965837]
  obj_bb: [168, 160, 61, 68]
  obj_id: 1
131:
- cam_R_m2c: [0.40515614, -0.91424357, -0.00263052, -0.87870398, -0.38860845, -0.27723970, 0.25244285, 0.11463669, -0.96079689]
  cam_t_m2c: [-12.35298053, 11.51769378, 632.68428055]
  obj_bb: [169, 161, 61, 67]
  obj_id: 1
132:
- cam_R_m2c: [0.48320762, -0.87550135, -0.00274505, -0.84134094, -0.46348118, -0.27808469, 0.24219066, 0.13668186, -0.96055276]
  cam_t_m2c: [-12.51356848, 11.57101700, 632.66694108]
  obj_bb: [168, 161, 62, 67]
  obj_id: 1
133:
- cam_R_m2c: [0.55764377, -0.83007471, -0.00313545, -0.79794757, -0.53501214, -0.27756151, 0.22871923, 0.15728227, -0.96070248]
  cam_t_m2c: [-12.72604749, 11.67124782, 632.57131660]
  obj_bb: [168, 161, 61, 67]
  obj_id: 1
134:
- cam_R_m2c: [0.62796358, -0.77823589, -0.00327506, -0.74815268, -0.60251975, -0.27791643, 0.21431155, 0.17697096, -0.96059999]
  cam_t_m2c: [-12.92994294, 11.71623012, 632.53917745]
  obj_bb: [169, 161, 61, 66]
  obj_id: 1
135:
- cam_R_m2c: [0.69344037, -0.72050624, -0.00328921, -0.69268965, -0.66539804, -0.27825586, 0.19829658, 0.19523261, -0.96050098]
  cam_t_m2c: [-13.09059218, 11.75693898, 632.54731255]
  obj_bb: [168, 161, 62, 66]
  obj_id: 1
136:
- cam_R_m2c: [0.75365601, -0.65725748, -0.00389946, -0.63204915, -0.72309733, -0.27864703, 0.18032338, 0.21246945, -0.96038519]
  cam_t_m2c: [-13.35968351, 11.78468200, 632.54809941]
  obj_bb: [168, 161, 61, 66]
  obj_id: 1
137:
- cam_R_m2c: [0.80805318, -0.58909393, -0.00414762, -0.56653477, -0.77514022, -0.27963488, 0.16151616, 0.22830969, -0.96009758]
  cam_t_m2c: [-13.58864752, 11.75648631, 632.64830159]
  obj_bb: [168, 161, 62, 66]
  obj_id: 1
138:
- cam_R_m2c: [0.85627924, -0.51649748, -0.00406800, -0.49678573, -0.82139248, -0.28021315, 0.14138794, 0.24196177, -0.95992950]
  cam_t_m2c: [-13.77926437, 11.75287521, 632.72878697]
  obj_bb: [168, 160, 61, 67]
  obj_id: 1
139:
- cam_R_m2c: [0.89801435, -0.43994359, -0.00436228, -0.42326602, -0.86117986, -0.28145218, 0.12006633, 0.25459462, -0.95956531]
  cam_t_m2c: [-14.02092649, 11.69075803, 632.78722470]
  obj_bb: [169, 160, 61, 67]
  obj_id: 1
140:
- cam_R_m2c: [0.93293146, -0.36002962, -0.00432508, -0.34669419, -0.89500586, -0.28065649, 0.09717359, 0.26333242, -0.95979888]
  cam_t_m2c: [-14.20611552, 11.68823317, 632.78276821]
  obj_bb: [168, 160, 62, 67]
  obj_id: 1
141:
- cam_R_m2c: [0.96072038, -0.27748525, -0.00433771, -0.26737756, -0.92131283, -0.28229594, 0.07433665, 0.27236728, -0.95931762]
  cam_t_m2c: [-14.41117691, 11.58522522, 632.92365171]
  obj_bb: [168, 160, 61, 68]
  obj_id: 1
142:
- cam_R_m2c: [0.98120070, -0.19295240, -0.00386530, -0.18623511, -0.94140787, -0.28118836, 0.05061723, 0.27662189, -0.95964457]
  cam_t_m2c: [-14.55413088, 11.51856919, 632.83058547]
  obj_bb: [169, 160, 61, 68]
  obj_id: 1
143:
- cam_R_m2c: [0.99425438, -0.10696779, -0.00393851, -0.10374170, -0.95389843, -0.28162903, 0.02636831, 0.28041971, -0.95951471]
  cam_t_m2c: [-14.74764964, 11.46859892, 632.92979401]
  obj_bb: [168, 160, 62, 68]
  obj_id: 1
144:
- cam_R_m2c: [0.99957670, 0.02864663, 0.00502652, 0.02785676, -0.89330288, -0.44859064, -0.00836038, 0.44854058, -0.89372381]
  cam_t_m2c: [-14.00935301, 2.39265401, 632.79904491]
  obj_bb: [169, 154, 61, 76]
  obj_id: 1
145:
- cam_R_m2c: [0.99328238, 0.11560618, 0.00495144, 0.10550243, -0.88723557, -0.44908926, -0.04752448, 0.44659508, -0.89347324]
  cam_t_m2c: [-14.16331645, 2.23935971, 632.84995631]
  obj_bb: [169, 154, 61, 76]
  obj_id: 1
146:
- cam_R_m2c: [0.97943559, 0.20169824, 0.00486276, 0.18237200, -0.87476567, -0.44891578, -0.08629182, 0.44057100, -0.89356131]
  cam_t_m2c: [-14.33523532, 2.08804614, 632.94340701]
  obj_bb: [169, 155, 61, 75]
  obj_id: 1
147:
- cam_R_m2c: [0.95814076, 0.28625868, 0.00477601, 0.25790581, -0.85575733, -0.44851324, -0.12430405, 0.43097112, -0.89376323]
  cam_t_m2c: [-14.49733847, 1.92558055, 633.01479869]
  obj_bb: [168, 155, 61, 75]
  obj_id: 1
148:
- cam_R_m2c: [0.92953316, 0.36870703, 0.00481439, 0.33155022, -0.83000183, -0.44852069, -0.16137647, 0.41851132, -0.89375960]
  cam_t_m2c: [-14.60404317, 1.74642341, 633.13639037]
  obj_bb: [169, 154, 61, 76]
  obj_id: 1
149:
- cam_R_m2c: [0.89391047, 0.44822195, 0.00470016, 0.40263082, -0.79829045, -0.44790782, -0.19700984, 0.40228170, -0.89406724]
  cam_t_m2c: [-14.74231361, 1.57579910, 633.15552336]
  obj_bb: [169, 153, 61, 77]
  obj_id: 1
150:
- cam_R_m2c: [0.85147031, 0.52438191, 0.00471945, 0.47052189, -0.75997813, -0.44837643, -0.23153413, 0.38400032, -0.89383186]
  cam_t_m2c: [-14.84600155, 1.39608304, 633.19659491]
  obj_bb: [169, 154, 61, 76]
  obj_id: 1
151:
- cam_R_m2c: [0.80237169, 0.59680806, 0.00447420, 0.53516222, -0.71613394, -0.44805434, -0.26419847, 0.36190074, -0.89399521]
  cam_t_m2c: [-14.94260778, 1.19112355, 633.29927091]
  obj_bb: [169, 153, 61, 77]
  obj_id: 1
152:
- cam_R_m2c: [0.74736991, 0.66439099, 0.00471883, 0.59536854, -0.66654112, -0.44861944, -0.29491385, 0.33809472, -0.89371047]
  cam_t_m2c: [-14.96134057, 0.98270916, 633.35606694]
  obj_bb: [168, 153, 62, 77]
  obj_id: 1
153:
- cam_R_m2c: [0.68660636, 0.72701419, 0.00471472, 0.65121207, -0.61210804, -0.44860601, -0.32325705, 0.31108560, -0.89371720]
  cam_t_m2c: [-15.02029376, 0.79573951, 633.36293602]
  obj_bb: [168, 154, 62, 76]
  obj_id: 1
154:
- cam_R_m2c: [0.62045723, 0.78422601, 0.00476207, 0.70200248, -0.55267659, -0.44915464, -0.34960692, 0.28202421, -0.89344101]
  cam_t_m2c: [-15.04812938, 0.59237669, 633.51303925]
  obj_bb: [168, 153, 62, 77]
  obj_id: 1
155:
- cam_R_m2c: [0.55510097, 0.83176643, 0.00519399, 0.74415187, -0.49381968, -0.44986714, -0.37161987, 0.25358687, -0.89308092]
  cam_t_m2c: [-14.98930585, 0.39511514, 633.56592501]
  obj_bb: [168, 153, 62, 77]
  obj_id: 1
156:
- cam_R_m2c: [0.47480738, 0.88007392, 0.00522522, 0.78687585, -0.42185184, -0.45040885, -0.39418913, 0.21796918, -0.89280733]
  cam_t_m2c: [-15.00029155, 0.16714724, 633.68225328]
  obj_bb: [168, 154, 62, 76]
  obj_id: 1
157:
- cam_R_m2c: [0.39634348, 0.91808374, 0.00582391, 0.82068769, -0.35143795, -0.45051455, -0.41156401, 0.18333754, -0.89274981]
  cam_t_m2c: [-14.93054618, -0.00455750, 633.77300768]
  obj_bb: [169, 154, 61, 76]
  obj_id: 1
158:
- cam_R_m2c: [0.31481522, 0.94913523, 0.00589351, 0.84823849, -0.27855189, -0.45044525, -0.42589205, 0.14680619, -0.89278504]
  cam_t_m2c: [-14.89028579, -0.21346092, 633.87336793]
  obj_bb: [169, 154, 61, 76]
  obj_id: 1
159:
- cam_R_m2c: [0.23072255, 0.97299958, 0.00626028, 0.86914879, -0.20319599, -0.45087762, -0.43743188, 0.10946881, -0.89256405]
  cam_t_m2c: [-14.78207849, -0.39825267, 633.95334011]
  obj_bb: [169, 155, 61, 75]
  obj_id: 1
160:
- cam_R_m2c: [0.14520169, 0.98937883, 0.00671345, 0.88338533, -0.12658387, -0.45122861, -0.44558727, 0.07144968, -0.89238291]
  cam_t_m2c: [-14.69996233, -0.56526809, 634.05908550]
  obj_bb: [169, 154, 61, 76]
  obj_id: 1
161:
- cam_R_m2c: [0.05831985, 0.99827279, 0.00711012, 0.89072182, -0.04881786, -0.45191846, -0.45079059, 0.03268897, -0.89203112]
  cam_t_m2c: [-14.57150860, -0.76612170, 634.15457221]
  obj_bb: [169, 153, 61, 77]
  obj_id: 1
162:
- cam_R_m2c: [-0.02880814, 0.99955790, 0.00739704, 0.89188549, 0.02904490, -0.45132776, -0.45134327, -0.00640465, -0.89232759]
  cam_t_m2c: [-14.47613520, -0.90410200, 634.17949097]
  obj_bb: [170, 154, 61, 77]
  obj_id: 1
163:
- cam_R_m2c: [-0.11577867, 0.99324508, 0.00773355, 0.88578135, 0.10676800, -0.45165470, -0.44942894, -0.04544152, -0.89215966]
  cam_t_m2c: [-14.30130025, -1.09408646, 634.24884348]
  obj_bb: [169, 153, 61, 77]
  obj_id: 1
164:
- cam_R_m2c: [-0.20186380, 0.97938157, 0.00794940, 0.87307892, 0.18361957, -0.45168266, -0.44382934, -0.08423809, -0.89214358]
  cam_t_m2c: [-14.18242872, -1.23608065, 634.30424583]
  obj_bb: [169, 153, 61, 77]
  obj_id: 1
165:
- cam_R_m2c: [-0.28659684, 0.95801520, 0.00829046, 0.85373660, 0.25930841, -0.45154552, -0.43473716, -0.12233309, -0.89220964]
  cam_t_m2c: [-13.97110328, -1.39459326, 634.37250055]
  obj_bb: [169, 154, 62, 77]
  obj_id: 1
166:
- cam_R_m2c: [-0.36916710, 0.92932277, 0.00860511, 0.82815122, 0.33315144, -0.45074970, -0.42175931, -0.15927535, -0.89260920]
  cam_t_m2c: [-13.78484261, -1.51590203, 634.45593181]
  obj_bb: [169, 154, 61, 77]
  obj_id: 1
167:
- cam_R_m2c: [-0.44308852, 0.89643303, 0.00893901, 0.79853229, 0.39919100, -0.45054728, -0.40745391, -0.19249433, -0.89270816]
  cam_t_m2c: [-13.59502439, -1.59881687, 634.49213494]
  obj_bb: [169, 154, 61, 76]
  obj_id: 1
168:
- cam_R_m2c: [-0.51981625, 0.85422607, 0.00942113, 0.76037367, 0.46767470, -0.45068091, -0.38938875, -0.22710745, -0.89263533]
  cam_t_m2c: [-13.35311980, -1.70467234, 634.53042563]
  obj_bb: [170, 154, 61, 76]
  obj_id: 1
169:
- cam_R_m2c: [-0.59250628, 0.80550830, 0.00968454, 0.71657825, 0.53250868, -0.45049909, -0.36803718, -0.25998393, -0.89272486]
  cam_t_m2c: [-13.13553157, -1.76094144, 634.56698625]
  obj_bb: [169, 154, 61, 76]
  obj_id: 1
170:
- cam_R_m2c: [-0.66070968, 0.75057589, 0.00992032, 0.66714486, 0.59322390, -0.45055885, -0.34406337, -0.29107013, -0.89269143]
  cam_t_m2c: [-12.88124685, -1.82739238, 634.63115256]
  obj_bb: [169, 154, 61, 76]
  obj_id: 1
171:
- cam_R_m2c: [-0.72807964, 0.68541430, 0.01035080, 0.60860662, 0.65329169, -0.45034286, -0.31543329, -0.32158589, -0.89279623]
  cam_t_m2c: [-12.59663708, -1.85366955, 634.61994672]
  obj_bb: [170, 155, 61, 75]
  obj_id: 1
172:
- cam_R_m2c: [-0.78513638, 0.61923169, 0.01062997, 0.54908748, 0.70393223, -0.45053604, -0.28646867, -0.34789487, -0.89269492]
  cam_t_m2c: [-12.35502473, -1.85415920, 634.68548220]
  obj_bb: [169, 154, 61, 76]
  obj_id: 1
173:
- cam_R_m2c: [-0.83293440, 0.55326675, 0.01074407, 0.48983711, 0.74619576, -0.45083366, -0.25744857, -0.37025222, -0.89254358]
  cam_t_m2c: [-12.12057676, -1.84457595, 634.70022690]
  obj_bb: [170, 154, 61, 76]
  obj_id: 1
174:
- cam_R_m2c: [-0.87814973, 0.47826413, 0.01079217, 0.42261029, 0.78613882, -0.45098459, -0.22417408, -0.39147099, -0.89246701]
  cam_t_m2c: [-11.90647838, -1.81734435, 634.73719122]
  obj_bb: [169, 153, 61, 77]
  obj_id: 1
175:
- cam_R_m2c: [-0.91891276, 0.39429806, 0.01135014, 0.34733216, 0.82242451, -0.45053063, -0.18697782, -0.41005614, -0.89268896]
  cam_t_m2c: [-11.63337322, -1.74420724, 634.72779311]
  obj_bb: [170, 153, 61, 77]
